Electiva en Humanidades IV
3
9
Elec39
64
80
66
Elec394
4
2024-05-30
"['CHRISTIAN_MAURICIO IGNARSKI', 19]"
"['QING SCHIAVETTI', 24]"
"['JOSE_ABILIO PABLAZA', 25]"
"['JOSEBA_ANDONI DE_FELIPE', 26]"
"['ANTONIA_VALLE VIGLIANI', 33]"
"['BENONE ACONE', 44]"
